[2, 4, 7, 8, 11, 12, 14, 15, 16]
[2, 3, 5, 7, 9, 12, 15, 16, 17, 22, 25]
[2, 4, 7, 8, 10, 12, 15]
[3, 4, 6, 9, 12, 15, 18, 20, 22, 23, 28, 30, 32, 34, 36, 39, 42, 48, 52, 54, 55, 57, 59, 62, 65, 72, 74, 79, 82, 89, 91, 92, 93, 94, 95]
[7, 11, 14, 26, 27]
[6, 7, 10, 14, 16, 17, 18, 22, 23, 29]
[2, 4, 9, 13, 15, 18, 19, 21, 25, 28, 46, 50]
[4, 7, 8, 12, 14, 17]
[2, 3, 6, 8, 9, 10, 11, 12, 13, 19, 22, 23]
[2, 4, 9, 10, 11, 12, 15, 18, 19]
[3, 11, 12, 20]
[3, 4, 6, 11, 13, 14, 15, 17]
[3, 6, 8, 11, 12, 14, 15, 17, 18, 20, 22]
[2, 4, 7, 12, 13, 19, 22, 25, 26]
[2, 6, 9, 12]
[2, 5, 7, 10, 17]
[3, 6, 8, 9, 10, 11, 12, 13, 16, 18, 20, 22, 25, 30, 36, 39, 41, 42, 43, 44, 45, 46]
[2, 6, 7, 9, 10, 13, 15]
[7, 11, 12, 13, 17, 20, 22, 27, 31, 38, 42, 47, 52, 54, 58, 60, 61, 63]
[2, 3, 4, 6, 10, 13, 16, 19, 22, 26, 27, 28, 31, 33, 34, 37, 39, 42, 45, 47, 49, 52, 59, 61, 63, 66, 67, 70, 73, 75, 78, 81, 84, 86, 88, 90, 92, 94, 99, 100, 102, 104, 105, 108, 109, 112, 114, 118, 122, 123, 126, 127, 130, 131, 134, 136]
[2, 13, 14, 17, 19]
[2, 5, 8, 9, 12, 13, 14]
[2]
[2, 3, 5, 7, 11, 12, 19, 21, 22, 24, 25]
[2, 4, 5, 6, 9, 11, 12, 14, 15, 18]
[2, 5, 6, 15]
[2, 4, 5, 6, 7, 10, 13, 15, 18, 20, 22, 24, 26, 29, 31, 33, 35, 38, 39, 40, 41, 42, 45, 47, 49, 51, 53, 54, 55, 56, 59, 60, 61, 62, 66]
[3, 5, 7, 10, 12, 14, 15, 16, 19, 21, 25, 27, 29, 30, 33, 34, 36, 38, 42, 44, 47, 50, 59, 61, 63, 66, 69, 78, 81, 83, 85, 86, 88, 89, 91, 94, 95, 96, 99, 101, 103, 105, 108, 111, 113, 116, 119, 121, 123, 126, 130, 133, 135, 139, 141]
[12, 15, 17, 21, 28, 29, 32, 36, 39, 42, 45, 50, 53, 58, 60, 62, 65, 75, 77, 80, 83, 84, 88]
[6, 9, 14, 17, 20, 22, 24, 30, 32]
[6, 17, 19, 22, 25, 27, 29, 31, 33, 35, 37, 39, 41, 43]
[3, 7, 10, 11, 12, 17]
[2, 5, 8, 11, 14, 18, 21, 22, 23, 24, 27, 28, 29, 30, 33]
[2, 4, 5, 10, 11, 12, 13, 14, 17, 18, 20, 22, 23, 24]
[2, 6, 8, 9, 10, 13, 20]
[2, 4, 5, 6, 7, 8, 9, 10, 12, 14, 16, 21, 24, 28, 30, 31, 32, 33, 36, 39, 41, 43, 48, 51, 55]
[3, 5, 7, 9, 10, 11, 14, 18, 20, 22]
[3, 7, 14]
[2, 4, 5, 8, 11, 14, 17, 18, 21, 22, 23, 25, 28, 30, 31, 34, 36, 38, 40, 43, 46, 48]
[2, 8, 10, 15, 17, 20, 23, 25, 28, 29, 33]
[4, 5, 8, 11, 14, 15, 17, 20, 22, 27, 29, 30, 33, 34, 37, 39, 41, 43, 45, 55, 57, 60, 63, 65, 69, 70, 72, 74, 77, 78, 79, 82, 84]
[5, 8, 9, 11, 13, 16]
[2, 7, 12, 22, 27, 30, 34]
[2, 5, 8, 10, 12, 15, 18]
[14, 15, 16, 20, 22, 24, 27, 29, 31, 34, 36, 39, 43, 46, 48, 50, 57, 60, 66, 68, 70, 73, 80]
[2, 4, 6, 9, 10, 15, 17, 18, 19, 20, 21, 22, 25, 26, 28, 30, 33, 34, 36, 38, 42, 43, 47, 50, 55, 61]
[2, 3, 4, 7, 10, 14, 16, 21, 24, 28, 31, 33, 34, 37, 41]
[2, 3, 4, 8, 11, 13, 16, 19, 21, 24, 27, 29, 30, 33, 37, 39, 40]
[2, 11]
[6, 9, 13, 16, 17, 20, 25, 26, 30, 33, 37, 42, 46, 47, 50, 53]
[5, 6, 8, 12, 13, 14, 16, 23, 24, 28, 29, 30, 32, 33, 34, 36, 37, 39, 40, 42, 44, 45, 50, 51, 52, 54, 56, 58, 59]
[2, 3, 6, 10, 12, 14, 16, 20, 22, 24, 25, 29, 31]
[2, 3, 4, 7, 8, 9, 12, 13, 14, 15, 16, 17, 18, 21, 22, 23, 26, 28, 29, 30, 34, 36, 37, 39]
[2, 3, 8, 12, 13, 16]
[2, 4, 7, 9, 10, 13, 15, 18, 20, 21, 24, 26, 31, 33, 35, 39, 42, 46, 48, 52, 56, 59, 61, 63, 66, 69, 71, 73, 75, 78, 79, 81, 82, 85, 89, 92, 96, 101, 103, 105, 111, 113, 115, 120, 121, 123, 127]
[2, 3, 4, 9, 11, 14, 17, 19, 21]
[2, 4, 11, 12, 13, 16, 17, 19, 22, 25]
[2, 6, 11, 16, 19, 23, 27, 30, 33, 37, 38, 39]
[2, 4, 6, 7, 8, 11, 12, 13, 15, 17, 19, 22]
[2, 5, 7, 11, 13, 18]
[4, 6, 7, 11, 13, 14, 20, 22, 28, 29, 30, 33, 38, 40]
[6, 7, 8, 11, 12, 14, 16, 18, 21, 22, 27, 30, 35, 37]
[2, 7, 13, 15, 17, 19, 20, 21, 23, 25, 26, 27, 28, 31, 33]
[2, 4, 6, 9, 11, 13, 16, 21, 22, 25, 28, 31, 34, 39, 42, 44, 49, 50, 52, 55, 58, 60, 62, 64, 67, 70, 71, 73, 76, 78, 80, 83, 90, 93, 95, 97, 100, 102, 104, 106, 110, 112, 117, 120, 122, 126, 128, 131, 133]
[2, 3, 4, 8, 9, 14, 17, 21, 24, 26, 30, 33, 36, 37, 40, 43, 47, 48, 51, 55]
[3, 6, 10, 12, 13, 14, 15, 16, 17, 18, 19, 20, 21, 24]
[4, 6]
[2, 3, 4, 6, 8, 13, 14, 16, 18, 21, 24, 25]
[2, 7, 9, 12, 14, 16, 17, 18, 20]
[4, 5, 7, 9, 11]
[2, 4, 6, 7, 10, 12, 14, 17, 19, 23, 24, 28, 29, 30, 33, 36, 40, 43, 45]
[6, 8, 9, 10, 11, 13, 16, 18, 20, 21]
[7, 8, 9, 12, 15, 17, 18, 21, 22, 27, 29, 38, 39, 40]
[2, 4, 7, 9, 12, 16]
[2, 4, 6, 16]
[2, 4, 6, 9, 12, 14, 15, 17, 19, 21, 24, 27, 29, 31, 32, 33, 43, 45, 51, 54, 55]
[7, 10, 15, 18, 19, 20, 21, 26, 28, 30, 31, 33, 36, 38, 40, 43, 46, 48, 50, 53]
[2, 4, 7, 9, 15, 17, 21, 23, 26, 27, 28, 31]
[2, 5, 7, 10, 15, 19]
[3, 5, 6, 9, 11, 13, 14, 22, 25, 26, 27, 30, 32, 34, 39, 41, 44]
[2, 5, 9, 11]
[6, 10, 12, 14, 17, 18, 20, 23]
[9, 12, 16, 19, 22]
[2, 4, 7, 12, 14, 15, 18, 20]
[2, 6, 8, 12, 14, 16, 20, 21, 25, 30]
[2, 5, 7, 10, 15, 17, 22, 26, 28, 31]
[9, 12, 13, 16, 19, 20, 21, 25, 27, 31, 32, 34, 35, 38, 44, 45, 46, 47, 48, 49, 54, 56, 59, 64, 67, 71]
[3, 4, 7, 10, 12, 13, 16, 18, 19, 20, 21, 23, 24, 25, 26, 27, 28]
[2, 6, 9]
[2, 5, 7, 9, 10, 11, 14, 17, 20, 23, 25, 27]
[2, 4, 10, 13, 16, 18, 19, 20]
[2, 3, 4, 5, 9, 10, 11, 14, 17, 20, 21, 22, 23]
[2, 5, 7, 10, 12, 16, 18]
[3, 7, 9, 13, 17, 20, 22, 23, 27, 28, 31, 32, 34, 37, 39, 42, 45, 48, 51, 58, 59, 60, 63, 66, 69, 73, 75, 77, 78, 83, 86, 90, 92, 93, 95, 99, 101, 102, 104, 105, 106, 113, 115, 117, 123, 125, 128, 131, 134]
[4, 7, 9, 11, 13, 14, 15, 16, 22, 26, 29, 31, 36, 38, 41]
[5, 11, 12, 13, 14, 17, 21, 22, 24, 26, 28, 29, 30, 31, 34, 36, 38, 42, 45, 47, 49]
[2, 4, 6, 8, 11, 14, 17, 20, 22, 23, 24, 28, 30, 31, 32]
[4, 6, 7, 8, 10, 12, 14, 15, 18, 21, 23, 25, 26, 27, 28]
[2, 3, 18, 23, 30, 35, 36, 37, 39, 42]
[2, 3, 4, 5, 7, 8, 9, 12, 13, 14, 17, 19]
[2, 6, 13, 14, 19, 22, 25]
[6, 9, 10, 11, 12, 14, 17, 19, 21, 25, 27, 29, 32, 34, 36, 41, 42, 43, 45, 49]
[2, 4, 7, 14, 16, 18, 21, 22, 23]
[3, 6, 10, 14, 16, 18, 24, 26, 29, 31, 34, 38, 40, 43, 46, 48, 49, 50, 51, 53, 59, 60, 61, 64, 66, 68, 71, 72, 73, 80, 83, 87, 90, 95, 97]
[4, 7, 9, 12, 15, 18, 22, 25, 27]
[3, 5, 6, 7, 10, 13, 15, 18, 20, 23, 25, 26, 28, 31, 33, 36, 39, 42, 45, 48, 51, 52, 57]
[2, 6, 7, 10, 12, 14, 17, 20, 24, 25, 27, 30, 32, 38, 40, 42, 43, 45, 50]
[4, 9, 10, 14]
[2, 3, 9, 10, 11, 14, 15, 16, 19, 21, 22, 25, 26, 28, 29, 30, 35, 36]
[2, 3, 12, 15, 18, 20, 24, 25, 28, 31, 33, 35, 36, 37, 40, 41, 42, 45, 46, 47, 51, 53, 54, 55, 60, 63, 65, 67, 68, 69, 73, 75, 78, 81, 84, 88, 89, 90]
[2, 7, 9, 14, 17, 18, 21, 24, 27, 33, 34, 35, 39, 43, 47, 53, 54, 55, 56, 57, 58, 61, 64, 66, 69, 76, 81, 84, 87, 88]
[3, 4, 5, 7, 10, 11, 12, 15, 16, 17, 18, 19, 22, 24, 30, 31, 37, 39, 43, 45, 46, 55, 57, 62, 65, 67, 69]
[2, 5, 8, 10, 12, 16, 17, 20]
[8, 13]
[2, 4, 7, 8, 9, 14, 17, 20, 29, 33, 35, 39, 42, 45, 48, 50, 51, 55, 57, 58, 61, 62, 66, 70, 72, 75, 77, 79, 81, 86, 89, 92, 95, 96]
[3, 6, 11, 18, 19, 20, 21, 22, 23, 24, 25, 27, 29, 30, 33, 34, 37, 40, 44, 45, 47, 50, 52, 54, 55, 56, 58, 61, 62, 63, 64, 67, 72, 79, 81, 82, 84, 88, 90]
[2, 4, 6, 10, 11, 13, 16]
[20, 22, 29, 31, 34, 36, 41, 44]
[5, 7, 10, 15, 20, 24, 26, 28, 31, 33, 35, 38, 40, 43, 46, 48, 49, 50, 53, 54, 55, 59, 63, 65, 66, 67, 68, 71, 72, 74, 78, 79, 80, 82, 85, 88, 91, 93, 96, 98, 102]
[2, 4, 6, 11, 13, 14, 17, 20, 23, 25, 27, 30, 32, 35, 37, 39, 40, 44, 46, 48]
[3, 5, 8, 14, 17, 21, 25, 27, 31, 32, 34, 38, 42, 44, 46, 48, 53, 54, 56, 58, 64, 66, 72, 75, 78, 85, 88, 96, 100, 101, 106, 107, 108, 111, 112, 113, 114, 115, 116, 117, 118, 119, 121, 123, 126, 127]
[4, 5, 6, 7, 9, 10, 14, 15, 17, 19, 20, 21, 22, 24, 25, 26, 27, 28, 34, 36]
[2, 3, 4, 7, 9, 14, 18, 21, 23, 25, 28, 31, 33]
[3, 4, 5, 7, 8, 9, 12, 16, 18, 19, 21, 23, 25, 27, 29, 31, 32, 34, 36, 38, 40, 42, 45, 47]
[2, 4, 6, 8, 13, 14, 15, 16, 20, 22, 26, 29, 30, 32, 38]
[2, 4, 5, 7, 9, 11, 13, 15, 20, 22, 24, 25, 26, 28, 31, 33, 34, 37, 40, 44, 45, 48, 51, 53, 56, 59, 64, 65, 66, 67, 68, 70, 72]
[2, 3, 6, 7, 10, 13, 14, 16, 19, 20, 21, 22, 24, 25, 26, 29]
[3, 11, 13, 16, 17, 22, 25]
[3, 5, 9, 14, 15, 16, 18, 20, 25, 26, 27, 30]
[2, 4, 7, 10, 15, 17]
[4, 5, 6, 7, 8, 10, 11, 14, 15, 16, 17, 20, 23, 24, 27, 28, 29, 30, 31, 34, 36, 40, 41, 44, 45, 48, 49, 50, 53, 54, 55, 56, 57, 58, 59, 62, 63, 64]
[2, 3, 4, 6, 7, 12, 13, 16, 18, 22, 24, 27]
[2, 3, 4, 5, 6, 7, 8, 14, 15, 16]
[2, 4, 7, 9, 13, 14, 15, 16, 17, 18, 19, 20, 22, 23]
[3, 7, 8, 9, 10, 17, 20, 25, 29]
[2, 5, 6, 8, 10, 13, 15, 18, 21, 26, 29, 32, 33, 35, 43, 47, 48, 49, 53, 54, 56, 58, 61, 62]
[2, 4, 5, 9, 12, 14, 17, 18, 21, 22, 23, 25]
[2, 3, 5, 10, 12, 17, 19, 20, 21, 24, 26, 32, 34, 38, 44, 52]
[2, 3, 5, 9, 12, 17, 19, 20]
[2, 5, 7, 10, 12, 14, 16, 18, 19, 22, 24, 26, 28, 30, 32, 34, 36, 37, 38, 39, 44, 45, 46, 47, 54, 59, 61]
[15, 20, 21, 23, 26, 28, 31, 33, 36, 38, 42, 43, 45, 47, 49, 53, 56, 59, 61, 62, 64]
[2, 4, 7, 9, 10, 13, 19, 22, 25, 30, 32, 33, 38, 43, 44, 50, 51, 52, 54, 55, 58, 60, 62, 66, 68, 71, 72, 73, 75, 78, 80, 82, 85, 88, 91, 93, 96, 99, 101, 105, 111, 115]
[2, 3, 4, 6, 9, 14, 16]
[2, 7, 12, 18, 19]
[3, 7, 11, 14, 16, 19, 24, 28]
[3, 4, 5, 8, 10, 13, 15, 18, 19, 20, 24, 26, 28, 30, 32, 35, 38, 40, 43, 45, 47, 49, 52, 54, 58, 62, 64, 67, 69, 70, 71, 74, 75, 76, 77, 78, 82, 83, 86, 90, 94, 95, 96, 97, 98, 99, 102, 103, 104, 105, 107, 110, 115, 120, 123, 126, 129, 131, 133, 136]
[2, 4, 6, 9, 13, 15, 18, 21, 22, 28, 29]
[5, 8, 11, 19, 25, 29, 34, 35, 39, 44, 49, 51, 52, 55, 58]
[2, 5, 8, 12, 14, 17, 19, 20, 21, 22, 25, 27, 29]
[2, 5, 9]
[3, 6, 7, 8, 9, 15, 22, 23, 26, 29]
[2, 4, 5, 8, 11, 16, 17, 19]
[2, 5, 8, 10, 12, 14, 25, 26, 27, 28, 34, 35, 40, 44, 49, 56, 58, 59]
[2, 5, 8, 9, 10, 14, 18]
[2, 5, 6, 9, 11, 14, 17, 19, 22, 25, 30, 33, 36]
[2, 4, 7, 9, 12, 16, 18, 22, 24, 29, 32, 34, 35, 39, 42, 45, 50, 55, 57, 60, 65, 68, 72, 73, 77, 79]
[2, 4, 8, 16, 18, 20, 22]
[2, 3, 4, 5, 8, 9, 10, 11, 12]
[3, 5, 7, 11, 13, 15, 18, 19, 20, 24, 27, 29, 31, 33, 36, 38, 40, 42, 46, 48]
[3, 5, 7, 11, 13, 17, 19, 21, 26, 28, 31]
[4, 6, 8, 9, 10, 14, 15, 16]
[4, 5, 6, 7, 8, 9, 10, 11, 15, 16, 17, 19, 20, 23, 25, 30, 31, 35, 37, 38, 41, 44]
[2, 8, 10, 14, 23, 26, 29, 31, 32, 35, 38, 40, 43, 46, 48, 51, 52, 53, 54, 55]
[2, 5, 7, 9, 11, 13, 17, 19, 20, 22, 23, 24, 25, 26, 27, 28]
[2, 3, 6, 7, 11, 13, 18, 23]
[2, 3, 5, 9, 11, 12, 14, 18, 20, 21, 23, 27]
[2, 4, 6, 8, 10, 12, 14, 17]
[4, 5, 6, 7, 10, 12, 14]
[6, 7, 9, 11, 12, 13, 15, 16, 18, 20, 23, 24, 25]
[2, 4, 6, 8, 13, 15, 17, 23, 25, 27, 29, 35, 37, 39, 41]
[2, 4, 6, 9, 12, 13, 16, 18, 23, 25, 28, 33, 35, 36, 41, 44, 45, 46, 47, 56, 60, 61, 63, 66, 68, 78, 81, 82, 83, 88, 90, 91, 92, 93, 94, 96, 97, 100, 102]
[2, 4, 5, 7, 9, 14, 15, 19, 22, 23, 24, 26, 30, 32, 34, 35, 37, 38, 39, 40, 41, 45, 48, 49, 51, 54, 57, 62, 70, 73, 74, 76, 78, 80, 87, 89, 94, 95, 98]
[2, 6, 7, 9, 12, 14, 16, 19, 20, 23, 26, 27, 28, 34, 40]
[10, 15, 19, 21, 23, 27, 31, 37, 38, 39]
[2, 3, 5, 8, 15, 17, 18, 22, 23, 24]
[2, 9, 12, 17, 18]
[2, 3, 6, 10, 12, 15, 20]
[2, 3, 4, 5, 8, 9, 10, 11, 12, 13, 15, 16, 17, 21, 23, 26, 28, 32, 34, 35, 38, 40, 43, 46, 51, 52, 57, 60, 62, 66, 68, 70, 71, 74, 75, 78, 81, 82, 83, 87, 91, 95, 98, 100]
[2, 4, 7, 9, 11, 13, 18, 22, 23]
[2, 5, 8, 13, 15, 17, 21, 23, 27]
[2, 3, 7, 9, 10, 11, 12, 13, 16, 17, 18]
[3, 6, 8, 9, 11, 12, 15, 18, 20, 22, 24, 27]
[2, 5, 7, 9, 12, 15, 18]
[3, 5, 7, 8, 9, 10, 11, 12, 13, 14, 16, 17, 21, 25, 27, 28, 30, 33, 37, 38, 39]
[6, 10, 12, 17]
[5, 10, 15]
[2, 4, 5, 11, 12, 19, 21, 22, 25]
[3, 7, 8, 9, 12, 13, 14, 18, 20, 24, 26, 29, 31, 36, 39, 40, 41, 44, 47, 51, 56, 61]
[2, 7, 12, 16, 18, 19, 23, 24, 25, 26, 27, 28, 29, 30, 31, 32, 33, 34, 35, 36, 37, 38, 39, 40, 41, 42, 43, 44, 45, 46, 47, 48, 49, 50, 51, 52, 53, 54, 55, 73, 74, 75, 78, 81, 86, 88, 90, 91, 93, 95, 98, 101, 102]
[2, 3, 6, 8, 9, 10, 13, 15, 17]
[6, 9, 11, 17, 21, 24, 30, 31, 32, 35, 36, 37, 38, 41, 45, 46, 48, 51, 58, 59, 64, 66, 68, 75, 77, 79, 84, 88, 93, 97, 100, 102, 105, 111, 113, 115, 119, 120, 124, 129, 131, 136]
[2, 3, 6, 13, 14, 15, 16, 19, 20, 21, 22]
[2, 4, 5, 8, 9, 10, 13, 14, 15, 18, 19, 23, 26, 30, 32, 35, 37, 39, 42, 44, 45, 48, 51, 53, 56, 58, 60, 63, 65, 67, 68, 69, 72, 76, 78, 82, 84, 92, 94, 97, 99, 104, 107, 108, 109, 112, 115, 118, 121, 124, 126, 127]
[2, 3, 12, 14, 15, 17]
[3, 4, 8, 9, 12, 14, 17, 20, 21]
[2, 5, 6, 7, 9, 11, 13, 15, 19, 23]
[3, 7, 8, 9, 11, 13, 14, 15, 17, 20, 22, 24, 27, 30, 32, 33, 34, 36, 39, 40, 41, 46, 50, 53, 56, 57, 58]
[2]
[3, 6, 9, 11, 15]
[3, 4, 5, 8, 9, 11, 12, 13]
[2, 9, 12, 13, 16, 19, 29]
[4, 6, 9, 11, 13, 16, 18, 20, 23, 25, 29, 32, 34]
[2, 13, 16, 18, 20, 23, 27]
[20, 21, 26, 28, 30, 35, 37, 39, 44, 46, 48, 50, 54, 55, 61, 63, 66, 69, 72]
